"enters": [[10, 1]],
"exits": [[10, 38]],
"index": 1,
"color_number": 3,
"roots": [[[9, 1, 5], [8, 1, 5], [7, 1, 5], [6, 1, 5], [5, 1, 5], [5, 2, 5], [5, 3, 5], [5, 4, 5], [5, 5, 5], [5, 6, 7], [5, 7, 7], [5, 8, 7], [5, 9, 7], [5, 10, 7], [5, 11, 7], [5, 12, 7], [5, 13, 7], [5, 14, 7], [5, 15, 5], [5, 16, 5], [5, 17, 5], [5, 18, 5], [5, 19, 5], [5, 20, 5], [5, 21, 7], [5, 22, 7], [5, 23, 7], [5, 24, 7], [5, 25, 7], [5, 26, 7], [5, 27, 7], [5, 28, 7], [5, 29, 7], [5, 30, 5], [5, 31, 5], [5, 32, 5], [5, 33, 5], [5, 34, 5], [5, 35, 5], [5, 36, 5], [5, 37, 5], [5, 38, 5], [6, 38, 5], [7, 38, 5], [8, 38, 5], [9, 38, 5]]],
"balls_number": 10,
"field_height": 12,
"field_width": 40,
"percentage": 25,
"frog_right_up_corner": [18, 10],
"speed": 150,
