"enters": [[10, 1], [10, 5]],
"exits": [[10, 38], [10, 33]],
"color_number": 3,
"roots": [[[9, 1, 5], [8, 1, 5], [7, 1, 5], [6, 1, 5], [5, 1, 5], [5, 2, 5], [5, 3, 5], [5, 4, 5], [5, 5, 5], [5, 6, 7], [5, 7, 7], [5, 8, 7], [5, 9, 7], [5, 10, 7], [5, 11, 7], [5, 12, 7], [5, 13, 7], [5, 14, 7], [5, 15, 5], [5, 16, 5], [5, 17, 5], [5, 18, 5], [5, 19, 5], [5, 20, 5], [5, 21, 7], [5, 22, 7], [5, 23, 7], [5, 24, 7], [5, 25, 7], [5, 26, 7], [5, 27, 7], [5, 28, 7], [5, 29, 7], [5, 30, 10], [5, 31, 10], [5, 32, 10], [5, 33, 10], [5, 34, 10], [5, 35, 10], [5, 36, 10], [5, 37, 10], [5, 38, 10], [6, 38, 10], [7, 38, 10], [8, 38, 10], [9, 38, 10]], [[9, 5, 5], [8, 5, 5], [7, 5, 5], [6, 5, 5], [5, 5, 5], [4, 5, 5], [3, 5, 5], [3, 6, 5], [3, 7, 5], [3, 8, 5], [3, 9, 5], [3, 10, 7], [3, 11, 7], [3, 12, 7], [3, 13, 7], [3, 14, 7], [3, 15, 7], [3, 16, 7], [3, 17, 7], [3, 18, 7], [3, 19, 5], [3, 20, 5], [3, 21, 5], [3, 22, 5], [3, 23, 5], [3, 24, 5], [3, 25, 7], [3, 26, 7], [3, 27, 7], [3, 28, 7], [3, 29, 7], [3, 30, 7], [3, 31, 7], [3, 32, 7], [3, 33, 7], [4, 33, 10], [5, 33, 10], [6, 33, 10], [7, 33, 10], [8, 33, 10], [9, 33, 10]]],
"balls_number": 10,
"field_height": 12,
"field_width": 40,
"percentage": 33.3,
"frog_right_up_corner": [18, 10],
"speed": 100,
